% dy/dx using Newton's formula

x=[0:1:6];
y= [6.9897 7.4036 7.7815 8.1291 8.4510 8.7506 8.7506 9.0300]